{
  "armature_name": "rig.001",
  "bones": {
    "root": {
      "name": "root",
      "parent": null,
      "length": 6.96095085144043,
      "head_local": [
        0.0,
        0.0,
        0.0
      ],
      "tail_local": [
        0.0,
        6.96095085144043,
        0.0
      ],
      "vector": [
        0.0,
        1.0,
        0.0
      ],
      "matrix_local": [
        [
          1.0,
          0.0,
          0.0,
          0.0
        ],
        [
          0.0,
          1.0,
          0.0,
          0.0
        ],
        [
          0.0,
          0.0,
          1.0,
          0.0
        ],
        [
          0.0,
          0.0,
          0.0,
          1.0
        ]
      ],
      "rotation_mode": "QUATERNION",
      "is_deform": false,
      "custom_props": {}
    },
    "DEF-spine": {
      "name": "DEF-spine",
      "parent": "root",
      "length": 0.8424363732337952,
      "head_local": [
        -0.12858128547668457,
        0.09592199325561523,
        7.400868892669678
      ],
      "tail_local": [
        -0.12858128547668457,
        0.19248414039611816,
        8.237752914428711
      ],
      "vector": [
        0.0,
        0.11462247371673584,
        0.9934090971946716
      ],
      "matrix_local": [
        [
          1.0,
          0.0,
          0.0,
          -0.12858128547668457
        ],
        [
          0.0,
          0.11462219804525375,
          -0.9934092164039612,
          0.09592199325561523
        ],
        [
          0.0,
          0.9934092164039612,
          0.11462211608886719,
          7.400868892669678
        ],
        [
          0.0,
          0.0,
          0.0,
          1.0
        ]
      ],
      "rotation_mode": "QUATERNION",
      "is_deform": true,
      "custom_props": {}
    },
    "DEF-spine.001": {
      "name": "DEF-spine.001",
      "parent": "DEF-spine",
      "length": 0.775772213935852,
      "head_local": [
        -0.12858128547668457,
        0.19248414039611816,
        8.237752914428711
      ],
      "tail_local": [
        -0.12858128547668457,
        0.09709978103637695,
        9.007638931274414
      ],
      "vector": [
        0.0,
        -0.12295407056808472,
        0.9924123883247375
      ],
      "matrix_local": [
        [
          1.0,
          0.0,
          2.384186643666908e-07,
          -0.12858128547668457
        ],
        [
          2.36609650983155e-07,
          -0.12295406311750412,
          -0.9924124479293823,
          0.19248390197753906
        ],
        [
          2.9314564997662274e-08,
          0.9924124479293823,
          -0.12295414507389069,
          8.237752914428711
        ],
        [
          0.0,
          0.0,
          0.0,
          1.0
        ]
      ],
      "rotation_mode": "QUATERNION",
      "is_deform": true,
      "custom_props": {}
    },
    "DEF-spine.002": {
      "name": "DEF-spine.002",
      "parent": "DEF-spine.001",
      "length": 0.9815910458564758,
      "head_local": [
        -0.12858128547668457,
        0.09709978103637695,
        9.007638931274414
      ],
      "tail_local": [
        -0.12858128547668457,
        0.1283268928527832,
        9.988733291625977
      ],
      "vector": [
        0.0,
        0.031812746077775955,
        0.9994938373565674
      ],
      "matrix_local": [
        [
          1.0,
          0.0,
          2.384187780535285e-07,
          -0.12858128547668457
        ],
        [
          2.3829812789699645e-07,
          0.031812749803066254,
          -0.9994939565658569,
          0.09709955751895905
        ],
        [
          -7.584740835397952e-09,
          0.9994940161705017,
          0.03181268274784088,
          9.007638931274414
        ],
        [
          0.0,
          0.0,
          0.0,
          1.0
        ]
      ],
      "rotation_mode": "QUATERNION",
      "is_deform": true,
      "custom_props": {}
    },
    "DEF-spine.003": {
      "name": "DEF-spine.003",
      "parent": "DEF-spine.002",
      "length": 1.0933908224105835,
      "head_local": [
        -0.12858128547668457,
        0.1283268928527832,
        9.988733291625977
      ],
      "tail_local": [
        -0.12858128547668457,
        0.15955400466918945,
        11.08167839050293
      ],
      "vector": [
        0.0,
        0.02855987474322319,
        0.999592125415802
      ],
      "matrix_local": [
        [
          1.0,
          -1.6653345369377348e-16,
          4.263256414560601e-14,
          -0.12858128547668457
        ],
        [
          5.684341886080802e-14,
          0.02855987846851349,
          -0.9995921850204468,
          0.1283266693353653
        ],
        [
          -1.7763568394002505e-15,
          0.9995923042297363,
          0.028559811413288116,
          9.988733291625977
        ],
        [
          0.0,
          0.0,
          0.0,
          1.0
        ]
      ],
      "rotation_mode": "QUATERNION",
      "is_deform": true,
      "custom_props": {}
    },
    "DEF-spine.004": {
      "name": "DEF-spine.004",
      "parent": "DEF-spine.003",
      "length": 0.37565213441848755,
      "head_local": [
        -0.12858128547668457,
        0.15955400466918945,
        11.08167839050293
      ],
      "tail_local": [
        -0.12858128547668457,
        0.021019697189331055,
        11.430852890014648
      ],
      "vector": [
        0.0,
        -0.3687834143638611,
        0.9295153021812439
      ],
      "matrix_local": [
        [
          1.0,
          2.4836971129933716e-15,
          2.384187780535285e-07,
          -0.12858128547668457
        ],
        [
          2.2161397339459654e-07,
          -0.36878344416618347,
          -0.9295154809951782,
          0.15955378115177155
        ],
        [
          8.792493133569224e-08,
          0.929515540599823,
          -0.368783563375473,
          11.08167839050293
        ],
        [
          0.0,
          0.0,
          0.0,
          1.0
        ]
      ],
      "rotation_mode": "QUATERNION",
      "is_deform": true,
      "custom_props": {}
    },
    "DEF-spine.005": {
      "name": "DEF-spine.005",
      "parent": "DEF-spine.004",
      "length": 0.3559936285018921,
      "head_local": [
        -0.12858128547668457,
        0.021019697189331055,
        11.430852890014648
      ],
      "tail_local": [
        -0.12858128547668457,
        -0.04540872573852539,
        11.780593872070312
      ],
      "vector": [
        0.0,
        -0.18660002946853638,
        0.9824360013008118
      ],
      "matrix_local": [
        [
          1.0,
          -3.552713678800501e-15,
          2.384186927884002e-07,
          -0.12858128547668457
        ],
        [
          2.3423116601861693e-07,
          -0.18660002946853638,
          -0.9824360609054565,
          0.02101948857307434
        ],
        [
          4.448898138775803e-08,
          0.9824361801147461,
          -0.18660014867782593,
          11.430852890014648
        ],
        [
          0.0,
          0.0,
          0.0,
          1.0
        ]
      ],
      "rotation_mode": "QUATERNION",
      "is_deform": true,
      "custom_props": {}
    },
    "DEF-spine.006": {
      "name": "DEF-spine.006",
      "parent": "DEF-spine.005",
      "length": 4.174843788146973,
      "head_local": [
        -0.12858128547668457,
        -0.04540872573852539,
        11.780593872070312
      ],
      "tail_local": [
        -0.12858128547668457,
        -0.04540872573852539,
        15.955438613891602
      ],
      "vector": [
        0.0,
        0.0,
        1.0
      ],
      "matrix_local": [
        [
          1.0,
          3.552713678800501e-15,
          -1.4210854715202004e-14,
          -0.12858128547668457
        ],
        [
          4.263256414560601e-14,
          -1.4901161193847656e-08,
          -1.0000001192092896,
          -0.045408934354782104
        ],
        [
          1.4210854715202004e-14,
          1.000000238418579,
          -8.940696716308594e-08,
          11.780593872070312
        ],
        [
          0.0,
          0.0,
          0.0,
          1.0
        ]
      ],
      "rotation_mode": "QUATERNION",
      "is_deform": true,
      "custom_props": {}
    },
    "VIS_upper_arm_ik_pole.L": {
      "name": "VIS_upper_arm_ik_pole.L",
      "parent": "root",
      "length": 0.16452789306640625,
      "head_local": [
        2.3616762161254883,
        0.1663835048675537,
        9.704889297485352
      ],
      "tail_local": [
        2.3616762161254883,
        0.1663835048675537,
        9.869417190551758
      ],
      "vector": [
        0.0,
        0.0,
        1.0
      ],
      "matrix_local": [
        [
          -0.12297716736793518,
          0.0,
          0.9924095273017883,
          2.3616762161254883
        ],
        [
          0.9924095273017883,
          0.0,
          0.12297716736793518,
          0.1663837432861328
        ],
        [
          0.0,
          1.0,
          0.0,
          9.704889297485352
        ],
        [
          0.0,
          0.0,
          0.0,
          1.0
        ]
      ],
      "rotation_mode": "QUATERNION",
      "is_deform": false,
      "custom_props": {}
    },
    "VIS_upper_arm_ik_pole.R": {
      "name": "VIS_upper_arm_ik_pole.R",
      "parent": "root",
      "length": 0.1370840072631836,
      "head_local": [
        -2.72636079788208,
        0.22783207893371582,
        9.626619338989258
      ],
      "tail_local": [
        -2.72636079788208,
        0.22783207893371582,
        9.763703346252441
      ],
      "vector": [
        0.0,
        0.0,
        1.0
      ],
      "matrix_local": [
        [
          -0.3724516034126282,
          0.0,
          -0.9280515909194946,
          -2.72636079788208
        ],
        [
          -0.9280515909194946,
          0.0,
          0.3724516034126282,
          0.22783184051513672
        ],
        [
          0.0,
          0.9999999403953552,
          0.0,
          9.626619338989258
        ],
        [
          0.0,
          0.0,
          0.0,
          1.0
        ]
      ],
      "rotation_mode": "QUATERNION",
      "is_deform": false,
      "custom_props": {}
    },
    "VIS_thigh_ik_pole.L": {
      "name": "VIS_thigh_ik_pole.L",
      "parent": "root",
      "length": 0.32529544830322266,
      "head_local": [
        1.0362848043441772,
        0.03090643882751465,
        5.227601051330566
      ],
      "tail_local": [
        1.0362848043441772,
        0.03090643882751465,
        5.552896499633789
      ],
      "vector": [
        0.0,
        0.0,
        1.0
      ],
      "matrix_local": [
        [
          0.980696439743042,
          0.0,
          0.1955363154411316,
          1.0362848043441772
        ],
        [
          0.1955363154411316,
          0.0,
          -0.980696439743042,
          0.03090667724609375
        ],
        [
          0.0,
          1.0,
          0.0,
          5.227601051330566
        ],
        [
          0.0,
          0.0,
          0.0,
          1.0
        ]
      ],
      "rotation_mode": "QUATERNION",
      "is_deform": false,
      "custom_props": {}
    },
    "VIS_thigh_ik_pole.R": {
      "name": "VIS_thigh_ik_pole.R",
      "parent": "root",
      "length": 0.32489681243896484,
      "head_local": [
        -1.2760761976242065,
        0.03090643882751465,
        5.227601051330566
      ],
      "tail_local": [
        -1.2760761976242065,
        0.03090643882751465,
        5.552497863769531
      ],
      "vector": [
        0.0,
        0.0,
        1.0
      ],
      "matrix_local": [
        [
          0.9917370676994324,
          0.0,
          -0.12828706204891205,
          -1.2760761976242065
        ],
        [
          -0.12828706204891205,
          0.0,
          -0.9917370676994324,
          0.03090667724609375
        ],
        [
          0.0,
          1.0,
          0.0,
          5.227601051330566
        ],
        [
          0.0,
          0.0,
          0.0,
          1.0
        ]
      ],
      "rotation_mode": "QUATERNION",
      "is_deform": false,
      "custom_props": {}
    },
    "MCH-torso.parent": {
      "name": "MCH-torso.parent",
      "parent": null,
      "length": 0.7386382222175598,
      "head_local": [
        -0.12858128547668457,
        0.1442030668258667,
        7.819311141967773
      ],
      "tail_local": [
        -0.12858128547668457,
        0.8828412890434265,
        7.819311141967773
      ],
      "vector": [
        0.0,
        1.0,
        0.0
      ],
      "matrix_local": [
        [
          1.0,
          0.0,
          0.0,
          -0.12858128547668457
        ],
        [
          0.0,
          1.0,
          0.0,
          0.1442030668258667
        ],
        [
          0.0,
          0.0,
          1.0,
          7.819311141967773
        ],
        [
          0.0,
          0.0,
          0.0,
          1.0
        ]
      ],
      "rotation_mode": "QUATERNION",
      "is_deform": false,
      "custom_props": {}
    },
    "torso": {
      "name": "torso",
      "parent": "MCH-torso.parent",
      "length": 2.215914726257324,
      "head_local": [
        -0.12858128547668457,
        0.1442030668258667,
        7.819311141967773
      ],
      "tail_local": [
        -0.12858128547668457,
        2.3601179122924805,
        7.819311141967773
      ],
      "vector": [
        0.0,
        1.0,
        0.0
      ],
      "matrix_local": [
        [
          1.0,
          0.0,
          0.0,
          -0.12858128547668457
        ],
        [
          0.0,
          1.0,
          0.0,
          0.1442030668258667
        ],
        [
          0.0,
          0.0,
          1.0,
          7.819311141967773
        ],
        [
          0.0,
          0.0,
          0.0,
          1.0
        ]
      ],
      "rotation_mode": "QUATERNION",
      "is_deform": false,
      "custom_props": {
        "neck_follow": 0.5,
        "head_follow": 0.0,
        "torso_parent": 1
      }
    },
    "hips": {
      "name": "hips",
      "parent": "torso",
      "length": 0.9232977628707886,
      "head_local": [
        -0.12858128547668457,
        0.09709978103637695,
        9.007638931274414
      ],
      "tail_local": [
        -0.12858128547668457,
        1.0203975439071655,
        9.007638931274414
      ],
      "vector": [
        0.0,
        1.0,
        0.0
      ],
      "matrix_local": [
        [
          1.0,
          0.0,
          0.0,
          -0.12858128547668457
        ],
        [
          0.0,
          1.0,
          0.0,
          0.0970996618270874
        ],
        [
          0.0,
          0.0,
          1.0,
          9.007638931274414
        ],
        [
          0.0,
          0.0,
          0.0,
          1.0
        ]
      ],
      "rotation_mode": "QUATERNION",
      "is_deform": false,
      "custom_props": {}
    },
    "chest": {
      "name": "chest",
      "parent": "torso",
      "length": 1.231063723564148,
      "head_local": [
        -0.12858128547668457,
        0.09709978103637695,
        9.007638931274414
      ],
      "tail_local": [
        -0.12858128547668457,
        1.328163504600525,
        9.007638931274414
      ],
      "vector": [
        0.0,
        1.0,
        0.0
      ],
      "matrix_local": [
        [
          1.0,
          0.0,
          0.0,
          -0.12858128547668457
        ],
        [
          0.0,
          1.0,
          0.0,
          0.0970996618270874
        ],
        [
          0.0,
          0.0,
          1.0,
          9.007638931274414
        ],
        [
          0.0,
          0.0,
          0.0,
          1.0
        ]
      ],
      "rotation_mode": "QUATERNION",
      "is_deform": false,
      "custom_props": {}
    },
    "MCH-spine.001": {
      "name": "MCH-spine.001",
      "parent": "torso",
      "length": 0.3693190813064575,
      "head_local": [
        -0.12858128547668457,
        0.09709978103637695,
        9.007638931274414
      ],
      "tail_local": [
        -0.12858128547668457,
        0.46641889214515686,
        9.007638931274414
      ],
      "vector": [
        0.0,
        1.0,
        0.0
      ],
      "matrix_local": [
        [
          1.0,
          0.0,
          0.0,
          -0.12858128547668457
        ],
        [
          0.0,
          1.0,
          0.0,
          0.0970996618270874
        ],
        [
          0.0,
          0.0,
          1.0,
          9.007638931274414
        ],
        [
          0.0,
          0.0,
          0.0,
          1.0
        ]
      ],
      "rotation_mode": "QUATERNION",
      "is_deform": false,
      "custom_props": {}
    },
    "spine_fk.001": {
      "name": "spine_fk.001",
      "parent": "MCH-spine.001",
      "length": 0.7757723331451416,
      "head_local": [
        -0.12858128547668457,
        0.09709978103637695,
        9.007638931274414
      ],
      "tail_local": [
        -0.12858128547668457,
        0.0017154216766357422,
        9.777524948120117
      ],
      "vector": [
        0.0,
        -0.12295407056808472,
        0.9924123883247375
      ],
      "matrix_local": [
        [
          1.0,
          0.0,
          2.3841860752327193e-07,
          -0.12858128547668457
        ],
        [
          2.3660960835059086e-07,
          -0.12295405566692352,
          -0.992412269115448,
          0.09709963202476501
        ],
        [
          2.931454190502336e-08,
          0.992412269115448,
          -0.12295389175415039,
          9.007638931274414
        ],
        [
          0.0,
          0.0,
          0.0,
          1.0
        ]
      ],
      "rotation_mode": "QUATERNION",
      "is_deform": false,
      "custom_props": {}
    },
    "MCH-spine": {
      "name": "MCH-spine",
      "parent": "spine_fk.001",
      "length": 0.3693191111087799,
      "head_local": [
        -0.12858128547668457,
        0.19248414039611816,
        8.237752914428711
      ],
      "tail_local": [
        -0.12858128547668457,
        0.5618032217025757,
        8.237752914428711
      ],
      "vector": [
        0.0,
        1.0,
        0.0
      ],
      "matrix_local": [
        [
          1.0,
          0.0,
          -6.750155989720952e-14,
          -0.12858128547668457
        ],
        [
          2.842170943040401e-14,
          0.9999999403953552,
          -6.705522537231445e-08,
          0.19248399138450623
        ],
        [
          5.684341886080802e-14,
          7.450580596923828e-08,
          0.9999999403953552,
          8.237752914428711
        ],
        [
          0.0,
          0.0,
          0.0,
          1.0
        ]
      ],
      "rotation_mode": "QUATERNION",
      "is_deform": false,
      "custom_props": {}
    },
    "spine_fk": {
      "name": "spine_fk",
      "parent": "MCH-spine",
      "length": 0.8424359560012817,
      "head_local": [
        -0.12858128547668457,
        0.19248414039611816,
        8.237752914428711
      ],
      "tail_local": [
        -0.12858128547668457,
        0.2890462875366211,
        9.074636459350586
      ],
      "vector": [
        0.0,
        0.11462254077196121,
        0.9934091567993164
      ],
      "matrix_local": [
        [
          1.0,
          -6.776263578034403e-21,
          1.1011428314305904e-20,
          -0.12858128547668457
        ],
        [
          2.8421712818535796e-14,
          0.11462254077196121,
          -0.9934090971946716,
          0.1924840211868286
        ],
        [
          -1.0658134260137925e-14,
          0.9934090971946716,
          0.11462239176034927,
          8.237752914428711
        ],
        [
          0.0,
          0.0,
          0.0,
          1.0
        ]
      ],
      "rotation_mode": "QUATERNION",
      "is_deform": false,
      "custom_props": {}
    },
    "tweak_spine": {
      "name": "tweak_spine",
      "parent": "spine_fk",
      "length": 0.42121851444244385,
      "head_local": [
        -0.12858128547668457,
        0.09592199325561523,
        7.400868892669678
      ],
      "tail_local": [
        -0.12858128547668457,
        0.1442030668258667,
        7.819311141967773
      ],
      "vector": [
        0.0,
        0.11462240666151047,
        0.9934090375900269
      ],
      "matrix_local": [
        [
          1.0,
          1.5581752585469459e-27,
          8.077935669463161e-28,
          -0.12858128547668457
        ],
        [
          2.842170265414043e-14,
          0.11462239921092987,
          -0.9934090971946716,
          0.09592185914516449
        ],
        [
          -1.0658140189368556e-14,
          0.9934090971946716,
          0.11462225019931793,
          7.400868892669678
        ],
        [
          0.0,
          0.0,
          0.0,
          1.0
        ]
      ],
      "rotation_mode": "ZXY",
      "is_deform": false,
      "custom_props": {}
    },
    "ORG-spine": {
      "name": "ORG-spine",
      "parent": "tweak_spine",
      "length": 0.8424364328384399,
      "head_local": [
        -0.12858128547668457,
        0.09592199325561523,
        7.400868892669678
      ],
      "tail_local": [
        -0.12858128547668457,
        0.19248414039611816,
        8.237752914428711
      ],
      "vector": [
        0.0,
        0.11462247371673584,
        0.9934090971946716
      ],
      "matrix_local": [
        [
          1.0,
          -5.71535684863114e-35,
          0.0,
          -0.12858128547668457
        ],
        [
          2.842170265414043e-14,
          0.11462246626615524,
          -0.9934090971946716,
          0.09592186659574509
        ],
        [
          -1.0658140189368556e-14,
          0.9934090971946716,
          0.1146223172545433,
          7.400868892669678
        ],
        [
          0.0,
          0.0,
          0.0,
          1.0
        ]
      ],
      "rotation_mode": "QUATERNION",
      "is_deform": false,
      "custom_props": {}
    },
    "ORG-pelvis.L": {
      "name": "ORG-pelvis.L",
      "parent": "ORG-spine",
      "length": 1.6567376852035522,
      "head_local": [
        -0.12771844863891602,
        0.09783363342285156,
        7.400868892669678
      ],
      "tail_local": [
        1.2606253623962402,
        -0.295107364654541,
        8.215042114257812
      ],
      "vector": [
        0.837998628616333,
        -0.23717758059501648,
        0.4914316236972809
      ],
      "matrix_local": [
        [
          -0.2076849639415741,
          0.8379984498023987,
          -0.5046039819717407,
          -0.12771844863891602
        ],
        [
          -0.9714480042457581,
          -0.23717761039733887,
          0.005946725606918335,
          0.09783349931240082
        ],
        [
          -0.11469751596450806,
          0.4914315640926361,
          0.8633303046226501,
          7.400868892669678
        ],
        [
          0.0,
          0.0,
          0.0,
          1.0
        ]
      ],
      "rotation_mode": "YXZ",
      "is_deform": false,
      "custom_props": {}
    },
    "DEF-pelvis.L": {
      "name": "DEF-pelvis.L",
      "parent": "ORG-pelvis.L",
      "length": 1.656738042831421,
      "head_local": [
        -0.12771844863891602,
        0.09783363342285156,
        7.400868892669678
      ],
      "tail_local": [
        1.2606253623962402,
        -0.295107364654541,
        8.215042114257812
      ],
      "vector": [
        0.837998628616333,
        -0.23717758059501648,
        0.4914316236972809
      ],
      "matrix_local": [
        [
          -0.20768484473228455,
          0.8379985094070435,
          -0.504603922367096,
          -0.12771886587142944
        ],
        [
          -0.9714480042457581,
          -0.2371775209903717,
          0.005946620367467403,
          0.09783343225717545
        ],
        [
          -0.11469753831624985,
          0.49143147468566895,
          0.8633303642272949,
          7.400868892669678
        ],
        [
          0.0,
          0.0,
          0.0,
          1.0
        ]
      ],
      "rotation_mode": "QUATERNION",
      "is_deform": true,
      "custom_props": {}
    },
    "ORG-pelvis.R": {
      "name": "ORG-pelvis.R",
      "parent": "ORG-spine",
      "length": 1.6343648433685303,
      "head_local": [
        -0.12771844863891602,
        0.09783363342285156,
        7.400868892669678
      ],
      "tail_local": [
        -1.48892343044281,
        -0.29636311531066895,
        8.215042114257812
      ],
      "vector": [
        -0.8328648805618286,
        -0.24119265377521515,
        0.49815884232521057
      ],
      "matrix_local": [
        [
          -0.21161715686321259,
          -0.8328648805618286,
          0.5114238858222961,
          -0.12771844863891602
        ],
        [
          0.97043776512146,
          -0.24119263887405396,
          0.008760623633861542,
          0.09783349931240082
        ],
        [
          0.11605538427829742,
          0.49815890192985535,
          0.8592839241027832,
          7.400868892669678
        ],
        [
          0.0,
          0.0,
          0.0,
          1.0
        ]
      ],
      "rotation_mode": "YXZ",
      "is_deform": false,
      "custom_props": {}
    },
    "DEF-pelvis.R": {
      "name": "DEF-pelvis.R",
      "parent": "ORG-pelvis.R",
      "length": 1.6343646049499512,
      "head_local": [
        -0.12771844863891602,
        0.09783363342285156,
        7.400868892669678
      ],
      "tail_local": [
        -1.48892343044281,
        -0.29636311531066895,
        8.215042114257812
      ],
      "vector": [
        -0.8328648805618286,
        -0.24119265377521515,
        0.49815884232521057
      ],
      "matrix_local": [
        [
          -0.211617112159729,
          -0.8328648805618286,
          0.5114238262176514,
          -0.12771859765052795
        ],
        [
          0.97043776512146,
          -0.24119263887405396,
          0.008760490454733372,
          0.09783346205949783
        ],
        [
          0.11605549603700638,
          0.4981588125228882,
          0.8592839241027832,
          7.400868892669678
        ],
        [
          0.0,
          0.0,
          0.0,
          1.0
        ]
      ],
      "rotation_mode": "QUATERNION",
      "is_deform": true,
      "custom_props": {}
    },
    "ORG-thigh.L": {
      "name": "ORG-thigh.L",
      "parent": "ORG-spine",
      "length": 2.5319788455963135,
      "head_local": [
        1.0362848043441772,
        -0.14516901969909668,
        7.7534499168396
      ],
      "tail_local": [
        1.0362848043441772,
        0.03090643882751465,
        5.227601051330566
      ],
      "vector": [
        0.0,
        0.06954066455364227,
        -0.9975792169570923
      ],
      "matrix_local": [
        [
          0.9685137867927551,
          5.618386026322364e-35,
          0.2489587813615799,
          1.0362848043441772
        ],
        [
          -0.24835717678070068,
          0.06954065710306168,
          0.9661647081375122,
          -0.14516916871070862
        ],
        [
          -0.017312871292233467,
          -0.9975790977478027,
          0.06735176593065262,
          7.7534499168396
        ],
        [
          0.0,
          0.0,
          0.0,
          1.0
        ]
      ],
      "rotation_mode": "QUATERNION",
      "is_deform": false,
      "custom_props": {}
    },
    "ORG-shin.L": {
      "name": "ORG-shin.L",
      "parent": "ORG-thigh.L",
      "length": 3.2529549598693848,
      "head_local": [
        1.0362848043441772,
        0.03090643882751465,
        5.227601051330566
      ],
      "tail_local": [
        1.2466050386428833,
        1.0655722618103027,
        2.1507625579833984
      ],
      "vector": [
        0.06465516984462738,
        0.3180696964263916,
        -0.9458600878715515
      ],
      "matrix_local": [
        [
          0.9685137867927551,
          0.0646551325917244,
          0.24041658639907837,
          1.0362848043441772
        ],
        [
          -0.24835707247257233,
          0.3180695176124573,
          0.914954662322998,
          0.030906304717063904
        ],
        [
          -0.0173127893358469,
          -0.9458596110343933,
          0.3241141140460968,
          5.227601051330566
        ],
        [
          0.0,
          0.0,
          0.0,
          1.0
        ]
      ],
      "rotation_mode": "QUATERNION",
      "is_deform": false,
      "custom_props": {}
    },
    "ORG-foot.L": {
      "name": "ORG-foot.L",
      "parent": "ORG-shin.L",
      "length": 1.5399162769317627,
      "head_local": [
        1.2466050386428833,
        1.0655722618103027,
        2.1507625579833984
      ],
      "tail_local": [
        1.2466050386428833,
        -0.43929481506347656,
        1.8241162300109863
      ],
      "vector": [
        0.0,
        -0.9772435426712036,
        -0.2121203988790512
      ],
      "matrix_local": [
        [
          0.9999997615814209,
          -1.4901161193847656e-08,
          1.0486692190170288e-06,
          1.2466050386428833
        ],
        [
          -2.428889274597168e-06,
          -0.9772396087646484,
          0.2121184766292572,
          1.0655721426010132
        ],
        [
          9.834766387939453e-07,
          -0.21211953461170197,
          -0.9772436618804932,
          2.1507623195648193
        ],
        [
          0.0,
          0.0,
          0.0,
          1.0
        ]
      ],
      "rotation_mode": "QUATERNION",
      "is_deform": false,
      "custom_props": {}
    },
    "ORG-toe.L": {
      "name": "ORG-toe.L",
      "parent": "ORG-foot.L",
      "length": 0.46239298582077026,
      "head_local": [
        1.2466050386428833,
        -0.43929481506347656,
        1.8241162300109863
      ],
      "tail_local": [
        1.2466050386428833,
        -0.8974735736846924,
        1.7618446350097656
      ],
      "vector": [
        0.0,
        -0.9908900856971741,
        -0.13467299938201904
      ],
      "matrix_local": [
        [
          -0.9999973773956299,
          6.124878382252064e-12,
          0.0021896904800087214,
          1.2466050386428833
        ],
        [
          -0.00029269757214933634,
          -0.9908860921859741,
          -0.1346713751554489,
          -0.43929505348205566
        ],
        [
          0.0021697815973311663,
          -0.13467244803905487,
          0.9908877015113831,
          1.8241159915924072
        ],
        [
          0.0,
          0.0,
          0.0,
          1.0
        ]
      ],
      "rotation_mode": "QUATERNION",
      "is_deform": false,
      "custom_props": {}
    },
    "ORG-heel.02.L": {
      "name": "ORG-heel.02.L",
      "parent": "ORG-foot.L",
      "length": 0.45421063899993896,
      "head_local": [
        1.0308550596237183,
        1.2090306282043457,
        1.6670281887054443
      ],
      "tail_local": [
        1.4850655794143677,
        1.2090306282043457,
        1.6670281887054443
      ],
      "vector": [
        1.0,
        0.0,
        0.0
      ],
      "matrix_local": [
        [
          -1.0250704463032889e-07,
          0.9999997615814209,
          -2.121038278346532e-06,
          1.0308549404144287
        ],
        [
          -8.642673492431641e-07,
          -7.085549214025377e-08,
          0.999995768070221,
          1.2090303897857666
        ],
        [
          0.9999999403953552,
          1.8202058527094778e-08,
          1.0281801223754883e-06,
          1.6670278310775757
        ],
        [
          0.0,
          0.0,
          0.0,
          1.0
        ]
      ],
      "rotation_mode": "QUATERNION",
      "is_deform": false,
      "custom_props": {}
    },
    "MCH-foot_tweak.L": {
      "name": "MCH-foot_tweak.L",
      "parent": "ORG-foot.L",
      "length": 0.1924896240234375,
      "head_local": [
        1.2466050386428833,
        1.0655722618103027,
        2.1507623195648193
      ],
      "tail_local": [
        1.2466050386428833,
        0.8774638772010803,
        2.109931468963623
      ],
      "vector": [
        0.0,
        -0.9772434234619141,
        -0.21212069690227509
      ],
      "matrix_local": [
        [
          0.9999997615814209,
          2.6293718721412396e-14,
          1.093368950932927e-06,
          1.2466050386428833
        ],
        [
          -2.4238092919404153e-06,
          -0.9772394895553589,
          0.21211877465248108,
          1.0655720233917236
        ],
        [
          1.0303199360350845e-06,
          -0.21211981773376465,
          -0.9772436022758484,
          2.1507620811462402
        ],
        [
          0.0,
          0.0,
          0.0,
          1.0
        ]
      ],
      "rotation_mode": "QUATERNION",
      "is_deform": false,
      "custom_props": {}
    },
    "foot_tweak.L": {
      "name": "foot_tweak.L",
      "parent": "MCH-foot_tweak.L",
      "length": 0.38497909903526306,
      "head_local": [
        1.2466050386428833,
        1.0655722618103027,
        2.1507623195648193
      ],
      "tail_local": [
        1.2466050386428833,
        0.6893554925918579,
        2.0691006183624268
      ],
      "vector": [
        0.0,
        -0.9772434234619141,
        -0.21212069690227509
      ],
      "matrix_local": [
        [
          0.9999997615814209,
          -7.916044664386945e-15,
          1.0933691783066024e-06,
          1.2466050386428833
        ],
        [
          -2.4238092919404153e-06,
          -0.9772394895553589,
          0.21211878955364227,
          1.065571904182434
        ],
        [
          1.03032016340876e-06,
          -0.21211983263492584,
          -0.9772436022758484,
          2.1507620811462402
        ],
        [
          0.0,
          0.0,
          0.0,
          1.0
        ]
      ],
      "rotation_mode": "ZXY",
      "is_deform": false,
      "custom_props": {}
    },
    "MCH-shin_tweak.L": {
      "name": "MCH-shin_tweak.L",
      "parent": "ORG-shin.L",
      "length": 0.4066195487976074,
      "head_local": [
        1.0362848043441772,
        0.030906468629837036,
        5.227601051330566
      ],
      "tail_local": [
        1.062574863433838,
        0.16023969650268555,
        4.842996120452881
      ],
      "vector": [
        0.06465522199869156,
        0.31806960701942444,
        -0.9458600878715515
      ],
      "matrix_local": [
        [
          0.9685137867927551,
          0.06465516984462738,
          0.24041666090488434,
          1.0362848043441772
        ],
        [
          -0.2483571618795395,
          0.31806930899620056,
          0.9149547219276428,
          0.030906276777386665
        ],
        [
          -0.017312731593847275,
          -0.9458596110343933,
          0.32411396503448486,
          5.227601051330566
        ],
        [
          0.0,
          0.0,
          0.0,
          1.0
        ]
      ],
      "rotation_mode": "QUATERNION",
      "is_deform": false,
      "custom_props": {}
    },
    "shin_tweak.L": {
      "name": "shin_tweak.L",
      "parent": "MCH-shin_tweak.L",
      "length": 0.8132389783859253,
      "head_local": [
        1.0362848043441772,
        0.030906468629837036,
        5.227601051330566
      ],
      "tail_local": [
        1.088864803314209,
        0.28957292437553406,
        4.458391189575195
      ],
      "vector": [
        0.06465508788824081,
        0.3180696368217468,
        -0.9458602070808411
      ],
      "matrix_local": [
        [
          0.9685138463973999,
          0.06465505063533783,
          0.2404165267944336,
          1.0362848043441772
        ],
        [
          -0.24835699796676636,
          0.3180694282054901,
          0.9149547219276428,
          0.03090624138712883
        ],
        [
          -0.017312832176685333,
          -0.9458595514297485,
          0.3241140842437744,
          5.227601051330566
        ],
        [
          0.0,
          0.0,
          0.0,
          1.0
        ]
      ],
      "rotation_mode": "ZXY",
      "is_deform": false,
      "custom_props": {
        "rubber_tweak": 0.0
      }
    },
    "MCH-shin_tweak.L.001": {
      "name": "MCH-shin_tweak.L.001",
      "parent": "ORG-shin.L",
      "length": 0.4066195487976074,
      "head_local": [
        1.1414449214935303,
        0.5482394695281982,
        3.6891815662384033
      ],
      "tail_local": [
        1.167734980583191,
        0.6775727272033691,
        3.3045766353607178
      ],
      "vector": [
        0.06465522199869156,
        0.3180696964263916,
        -0.9458600878715515
      ],
      "matrix_local": [
        [
          0.9910733103752136,
          0.06465516239404678,
          0.11658837646245956,
          1.1414449214935303
        ],
        [
          -0.13120770454406738,
          0.3180694878101349,
          0.9389397501945496,
          0.5482392907142639
        ],
        [
          0.023624222725629807,
          -0.9458595514297485,
          0.32371529936790466,
          3.689181327819824
        ],
        [
          0.0,
          0.0,
          0.0,
          1.0
        ]
      ],
      "rotation_mode": "QUATERNION",
      "is_deform": false,
      "custom_props": {}
    },
    "shin_tweak.L.001": {
      "name": "shin_tweak.L.001",
      "parent": "MCH-shin_tweak.L.001",
      "length": 0.8132390975952148,
      "head_local": [
        1.1414449214935303,
        0.5482394695281982,
        3.6891815662384033
      ],
      "tail_local": [
        1.194024920463562,
        0.8069059252738953,
        2.9199717044830322
      ],
      "vector": [
        0.06465508788824081,
        0.3180696368217468,
        -0.9458602070808411
      ],
      "matrix_local": [
        [
          0.9685137271881104,
          0.06465503573417664,
          0.2404170036315918,
          1.1414449214935303
        ],
        [
          -0.24835744500160217,
          0.31806936860084534,
          0.914954662322998,
          0.5482392907142639
        ],
        [
          -0.017312973737716675,
          -0.9458594918251038,
          0.32411402463912964,
          3.689181327819824
        ],
        [
          0.0,
          0.0,
          0.0,
          1.0
        ]
      ],
      "rotation_mode": "ZXY",
      "is_deform": false,
      "custom_props": {
        "rubber_tweak": 1.0
      }
    },
    "MCH-thigh_parent_widget.L": {
      "name": "MCH-thigh_parent_widget.L",
      "parent": "ORG-thigh.L",
      "length": 0.2109980583190918,
      "head_local": [
        1.0362848043441772,
        -0.14516901969909668,
        7.7534499168396
      ],
      "tail_local": [
        1.0362848043441772,
        -0.1304960697889328,
        7.542962551116943
      ],
      "vector": [
        0.0,
        0.06954065710306168,
        -0.9975791573524475
      ],
      "matrix_local": [
        [
          0.9685137867927551,
          5.618385452350513e-35,
          0.2489587366580963,
          1.0362848043441772
        ],
        [
          -0.2483571320772171,
          0.06954064965248108,
          0.9661647081375122,
          -0.14516915380954742
        ],
        [
          -0.017312869429588318,
          -0.997579038143158,
          0.06735176593065262,
          7.7534499168396
        ],
        [
          0.0,
          0.0,
          0.0,
          1.0
        ]
      ],
      "rotation_mode": "QUATERNION",
      "is_deform": false,
      "custom_props": {}
    },
    "MCH-thigh_tweak.L.001": {
      "name": "MCH-thigh_tweak.L.001",
      "parent": "ORG-thigh.L",
      "length": 0.316497266292572,
      "head_local": [
        1.0362848043441772,
        -0.05713129788637161,
        6.490525245666504
      ],
      "tail_local": [
        1.0362848043441772,
        -0.0351218655705452,
        6.1747941970825195
      ],
      "vector": [
        0.0,
        0.06954067200422287,
        -0.9975790977478027
